1	5000.0
2	5010.0
3	5000.0
4	5000.0
5	5000.0
6	5000.0
7	5000.0
8	5010.0
9	5000.0
10	5000.0
11	5000.0
12	5000.0
13	5000.0
14	5010.0
15	5000.0
16	5000.0
17	5000.0
18	5000.0
19	5000.0
20	5010.0
21	5000.0
22	5000.0
23	5000.0
24	5000.0
25	5000.0
26	5010.0
27	5000.0
28	5000.0
29	5000.0
30	5000.0
31	5000.0
32	5010.0
33	5000.0
34	5000.0
35	5000.0
36	5000.0
37	5000.0
38	5010.0
39	5000.0
40	5000.0
41	5000.0
42	5000.0
43	5000.0
44	5010.0
45	5000.0
46	5000.0
47	5000.0
48	5000.0
49	5010.0
50	4950.0
51	4870.0
52	4860.0
53	4860.0
54	4870.0
55	4860.0
56	4860.0
57	4870.0
58	4860.0
59	4870.0
60	4860.0
61	4860.0
62	4870.0
63	4860.0
64	4860.0
65	4870.0
66	4860.0
67	4870.0
68	4860.0
69	4860.0
70	4870.0
71	4860.0
72	4860.0
73	4870.0
74	4860.0
75	4870.0
76	4860.0
77	4860.0
78	4870.0
79	4860.0
80	4860.0
81	4870.0
82	4860.0
83	4870.0
84	4860.0
85	4860.0
86	4870.0
87	4860.0
88	4860.0
89	4870.0
90	4860.0
91	4870.0
92	4860.0
93	4860.0
94	4870.0
95	4860.0
96	4860.0
97	4870.0
98	4860.0
99	4860.0
100	4870.0
101	4830.0
102	4860.0
103	4850.0
104	4850.0
105	4860.0
106	4850.0
107	4860.0
108	4850.0
109	4850.0
110	4860.0
111	4850.0
112	4850.0
113	4860.0
114	4850.0
115	4850.0
116	4860.0
117	4850.0
118	4850.0
119	4860.0
120	4850.0
121	4860.0
122	4850.0
123	4860.0
124	4850.0
125	4860.0
126	4850.0
127	4860.0
128	4850.0
129	4860.0
130	4850.0
131	4850.0
132	4860.0
133	4850.0
134	4850.0
135	4860.0
136	4850.0
137	4860.0
138	4850.0
139	4850.0
140	4860.0
141	4850.0
142	4850.0
143	4860.0
144	4850.0
145	4860.0
146	4850.0
147	4850.0
148	4860.0
149	4850.0
150	4860.0
151	4850.0
152	4860.0
153	4860.0
154	4860.0
155	4860.0
156	4860.0
157	4870.0
158	4850.0
159	4850.0
160	4850.0
161	4860.0
162	4860.0
163	4850.0
164	4850.0
165	4860.0
166	4850.0
167	4860.0
168	4850.0
169	4850.0
170	4860.0
171	4850.0
172	4850.0
173	4860.0
174	4850.0
175	4850.0
176	4860.0
177	4850.0
178	4850.0
179	4860.0
180	4850.0
181	4850.0
182	4860.0
183	4850.0
184	4850.0
185	4860.0
186	4860.0
187	4850.0
188	4850.0
189	4860.0
190	4860.0
191	4850.0
192	4850.0
193	4860.0
194	4850.0
195	4850.0
196	4860.0
197	4850.0
198	4850.0
199	4860.0
200	4850.0
201	4860.0
202	4850.0
203	4850.0
204	4860.0
205	4850.0
206	4850.0
207	4860.0
208	4850.0
209	4860.0
210	4850.0
211	4850.0
212	4860.0
213	4850.0
214	4850.0
215	4860.0
216	4850.0
217	4860.0
218	4850.0
219	4860.0
220	4860.0
221	4850.0
222	4860.0
223	4920.0
224	4860.0
225	4850.0
226	4850.0
227	4860.0
228	4850.0
229	4860.0
230	4850.0
231	4850.0
232	4860.0
233	4850.0
234	4860.0
235	4850.0
236	4850.0
237	4860.0
238	4850.0
239	4850.0
240	4860.0
241	4850.0
242	4860.0
243	4850.0
244	4850.0
245	4860.0
246	4850.0
247	4850.0
248	4860.0
249	4850.0
250	4850.0
251	4860.0
252	4850.0
253	4860.0
254	4860.0
255	4850.0
256	4860.0
257	4960.0
258	4860.0
259	4850.0
260	4850.0
261	4850.0
262	4850.0
263	4750.0
264	4860.0
265	4850.0
266	4850.0
267	4860.0
268	4850.0
269	4850.0
270	4860.0
271	4850.0
272	4860.0
273	4850.0
274	4850.0
275	4860.0
276	4860.0
277	4860.0
278	4850.0
279	4850.0
280	4860.0
281	4850.0
282	4850.0
283	4860.0
284	4850.0
285	4850.0
286	4860.0
287	4850.0
288	4860.0
289	4850.0
290	4860.0
291	4850.0
292	4860.0
293	4850.0
294	4850.0
295	4860.0
296	4850.0
297	4850.0
298	4860.0
299	4850.0
300	4850.0
301	4860.0
302	4850.0
303	4860.0
304	4850.0
305	4850.0
306	4860.0
307	4850.0
308	4850.0
309	4860.0
310	4850.0
311	4860.0
312	4850.0
313	4850.0
314	4860.0
315	4850.0
316	4850.0
317	4860.0
318	4850.0
319	4860.0
320	4850.0
321	4860.0
322	4850.0
323	4860.0
324	4850.0
325	4860.0
326	4930.0
327	4860.0
328	4850.0
329	4850.0
330	4860.0
331	4850.0
332	4850.0
333	4860.0
334	4850.0
335	4860.0
336	4850.0
337	4850.0
338	4860.0
339	4850.0
340	4850.0
341	4860.0
342	4850.0
343	4860.0
344	4850.0
345	4850.0
346	4860.0
347	4850.0
348	4850.0
349	4860.0
350	4850.0
351	4850.0
352	4860.0
353	4850.0
354	4850.0
355	4850.0
356	4850.0
357	4850.0
358	4850.0
359	4850.0
360	4850.0
361	4850.0
362	4850.0
363	4860.0
364	4850.0
365	4860.0
366	4860.0
367	4850.0
368	4850.0
369	4860.0
370	4850.0
371	4860.0
372	4850.0
373	4850.0
374	4860.0
375	4850.0
376	4860.0
377	4850.0
378	4850.0
379	4860.0
380	4850.0
381	4850.0
382	4860.0
383	4850.0
384	4850.0
385	4860.0
386	4850.0
387	4860.0
388	4850.0
389	4860.0
390	4850.0
391	4860.0
392	4850.0
393	4860.0
394	4850.0
395	4850.0
396	4860.0
397	4850.0
398	4850.0
399	4860.0
400	4860.0
401	4850.0
402	4850.0
403	4850.0
404	4850.0
405	4860.0
406	4850.0
407	4850.0
408	4860.0
409	4850.0
410	4850.0
411	4860.0
412	4850.0
413	4860.0
414	4850.0
415	4850.0
416	4860.0
417	4850.0
418	4850.0
419	4860.0
420	4850.0
421	4850.0
422	4860.0
423	4850.0
424	4860.0
425	4850.0
426	4850.0
427	4850.0
428	4920.0
429	4870.0
430	4860.0
431	4860.0
432	4870.0
433	4860.0
434	4870.0
435	4860.0
436	4860.0
437	4870.0
438	4860.0
439	4860.0
440	4870.0
441	4860.0
442	4860.0
443	4870.0
444	4860.0
445	4860.0
446	4870.0
447	4860.0
448	4860.0
449	4860.0
450	4860.0
451	5000.0
452	5000.0
453	5010.0
454	5000.0
455	5000.0
456	5000.0
457	5000.0
458	5000.0
459	5010.0
460	5000.0
461	5000.0
462	5000.0
463	5000.0
464	5000.0
465	5010.0
466	5000.0
467	5000.0
468	5000.0
469	5000.0
470	5000.0
471	5010.0
472	5000.0
473	5000.0
474	5000.0
475	5000.0
476	5000.0
477	5010.0
478	5000.0
479	5000.0
480	5000.0
481	5000.0
482	5000.0
483	5010.0
484	5000.0
485	5000.0
486	5000.0
487	5000.0
488	5000.0
489	5010.0
490	5000.0
491	5000.0
492	5000.0
493	5000.0
494	5010.0
495	5000.0
496	5000.0
497	5000.0
498	5000.0
499	5000.0
500	5000.0