1	0.0
2	0.0
3	0.0
4	0.0
5	0.0
6	0.0
7	0.0
8	0.0
9	0.0
10	0.0
11	0.0
12	0.0
13	0.0
14	0.0
15	0.0
16	0.0
17	0.0
18	0.0
19	0.0
20	0.0
21	0.0
22	0.0
23	0.0
24	0.0
25	0.0
26	0.0
27	0.0
28	0.0
29	0.0
30	0.0
31	0.0
32	0.0
33	0.0
34	0.0
35	0.0
36	0.0
37	0.0
38	0.0
39	0.0
40	0.0
41	0.0
42	0.0
43	0.0
44	0.0
45	0.0
46	0.0
47	0.0
48	0.0
49	0.0
50	0.0
51	4950.0
52	4860.0
53	4850.0
54	4850.0
55	4860.0
56	4850.0
57	4850.0
58	4870.0
59	4850.0
60	4850.0
61	4870.0
62	4850.0
63	4860.0
64	4850.0
65	4860.0
66	4850.0
67	4850.0
68	4850.0
69	4860.0
70	4850.0
71	4860.0
72	4850.0
73	4850.0
74	4860.0
75	4850.0
76	4850.0
77	4860.0
78	4850.0
79	4850.0
80	4850.0
81	4860.0
82	4850.0
83	4860.0
84	4850.0
85	4850.0
86	4860.0
87	4850.0
88	4850.0
89	4860.0
90	4850.0
91	4850.0
92	4860.0
93	4850.0
94	4850.0
95	4860.0
96	4850.0
97	4850.0
98	4860.0
99	4850.0
100	4860.0
101	4930.0
102	4925.0
103	4930.0
104	4960.0
105	4970.0
106	4970.0
107	4970.0
108	4970.0
109	4960.0
110	5040.0
111	4970.0
112	4970.0
113	5050.0
114	4970.0
115	4970.0
116	5070.0
117	4965.0
118	4970.0
119	5050.0
120	4965.0
121	4990.0
122	5045.0
123	4960.0
124	5000.0
125	5030.0
126	4960.0
127	5000.0
128	5030.0
129	4950.0
130	5035.0
131	4970.0
132	4970.0
133	5075.0
134	4960.0
135	4950.0
136	5060.0
137	4970.0
138	4965.0
139	5075.0
140	4960.0
141	4960.0
142	5045.0
143	4970.0
144	4970.0
145	5030.0
146	5000.0
147	4990.0
148	5000.0
149	5030.0
150	4960.0
151	4960.0
152	5045.0
153	4970.0
154	4970.0
155	5030.0
156	5000.0
157	4990.0
158	5000.0
159	5010.0
160	5000.0
161	4990.0
162	5020.0
163	5000.0
164	4990.0
165	5010.0
166	5000.0
167	5000.0
168	5000.0
169	5010.0
170	5000.0
171	4990.0
172	5010.0
173	5010.0
174	4990.0
175	5000.0
176	5010.0
177	5000.0
178	4990.0
179	5000.0
180	5030.0
181	4960.0
182	4960.0
183	5045.0
184	4970.0
185	4970.0
186	5030.0
187	5000.0
188	4990.0
189	5000.0
190	5010.0
191	5000.0
192	4990.0
193	5020.0
194	5000.0
195	4925.0
196	4925.0
197	5000.0
198	5000.0
199	4990.0
200	5020.0
201	5000.0
202	4925.0
203	4925.0
204	5000.0
205	4950.0
206	5070.0
207	4965.0
208	4965.0
209	5060.0
210	4960.0
211	4970.0
212	5045.0
213	5000.0
214	4960.0
215	5030.0
216	5050.0
217	4970.0
218	4970.0
219	5050.0
220	4950.0
221	4960.0
222	5060.0
223	4960.0
224	4960.0
225	5040.0
226	5010.0
227	4960.0
228	5010.0
229	5030.0
230	4970.0
231	4990.0
232	5045.0
233	4970.0
234	4950.0
235	5060.0
236	4965.0
237	4950.0
238	5045.0
239	4960.0
240	4960.0
241	5010.0
242	5045.0
243	4960.0
244	5010.0
245	5030.0
246	4970.0
247	4990.0
248	5045.0
249	4970.0
250	4950.0
251	5060.0
252	4965.0
253	4950.0
254	5045.0
255	4960.0
256	5000.0
257	5000.0
258	5000.0
259	5000.0
260	5020.0
261	4990.0
262	5000.0
263	5010.0
264	4990.0
265	5000.0
266	5010.0
267	5010.0
268	4990.0
269	5000.0
270	5010.0
271	5000.0
272	5000.0
273	5000.0
274	5000.0
275	5020.0
276	4990.0
277	5000.0
278	5010.0
279	4990.0
280	5000.0
281	5010.0
282	5010.0
283	4925.0
284	5010.0
285	4925.0
286	5040.0
287	5020.0
288	4925.0
289	5050.0
290	5040.0
291	5020.0
292	4925.0
293	5050.0
294	5030.0
295	4970.0
296	4950.0
297	5065.0
298	4970.0
299	4970.0
300	5050.0
301	5000.0
302	4945.0
303	5045.0
304	5010.0
305	4970.0
306	5010.0
307	5050.0
308	4990.0
309	4965.0
310	5050.0
311	4950.0
312	4965.0
313	5070.0
314	4965.0
315	4970.0
316	5060.0
317	4960.0
318	4960.0
319	5030.0
320	5020.0
321	4940.0
322	5020.0
323	5020.0
324	4970.0
325	5040.0
326	5000.0
327	4950.0
328	5035.0
329	5020.0
330	4950.0
331	5060.0
332	4960.0
333	4960.0
334	5060.0
335	4960.0
336	4970.0
337	5040.0
338	5000.0
339	4950.0
340	5035.0
341	5020.0
342	4950.0
343	4950.0
344	4990.0
345	5010.0
346	5000.0
347	5000.0
348	5000.0
349	5010.0
350	4990.0
351	5010.0
352	5000.0
353	5000.0
354	4940.0
355	4960.0
356	4950.0
357	5060.0
358	4925.0
359	5000.0
360	5020.0
361	4965.0
362	5000.0
363	5030.0
364	4970.0
365	4970.0
366	5045.0
367	4950.0
368	4965.0
369	5060.0
370	4990.0
371	4960.0
372	5040.0
373	4990.0
374	4970.0
375	5030.0
376	5010.0
377	4970.0
378	5000.0
379	5050.0
380	4950.0
381	4970.0
382	5040.0
383	5000.0
384	4970.0
385	5050.0
386	5010.0
387	4990.0
388	4970.0
389	5050.0
390	5010.0
391	4990.0
392	4970.0
393	5035.0
394	4950.0
395	4970.0
396	5060.0
397	4970.0
398	4970.0
399	5045.0
400	4940.0
401	5010.0
402	5010.0
403	5010.0
404	5000.0
405	5000.0
406	5000.0
407	5010.0
408	4990.0
409	5010.0
410	5000.0
411	5000.0
412	5000.0
413	5010.0
414	4990.0
415	5010.0
416	5000.0
417	5000.0
418	5000.0
419	5000.0
420	5000.0
421	5010.0
422	5000.0
423	4950.0
424	4930.0
425	4900.0
426	4900.0
427	4890.0
428	4880.0
429	4860.0
430	4850.0
431	4850.0
432	4850.0
433	4850.0
434	4860.0
435	4850.0
436	4850.0
437	4860.0
438	4850.0
439	4850.0
440	4860.0
441	4850.0
442	4860.0
443	4850.0
444	4850.0
445	4860.0
446	4850.0
447	4850.0
448	4860.0
449	4850.0
450	4860.0
451	0.0
452	0.0
453	0.0
454	0.0
455	0.0
456	0.0
457	0.0
458	0.0
459	0.0
460	0.0
461	0.0
462	0.0
463	0.0
464	0.0
465	0.0
466	0.0
467	0.0
468	0.0
469	0.0
470	0.0
471	0.0
472	0.0
473	0.0
474	0.0
475	0.0
476	0.0
477	0.0
478	0.0
479	0.0
480	0.0
481	0.0
482	0.0
483	0.0
484	0.0
485	0.0
486	0.0
487	0.0
488	0.0
489	0.0
490	0.0
491	0.0
492	0.0
493	0.0
494	0.0
495	0.0
496	0.0
497	0.0
498	0.0
499	0.0
500	0.0