1	3000.0
2	3000.0
3	3000.0
4	3000.0
5	3000.0
6	3000.0
7	3000.0
8	3000.0
9	3000.0
10	3010.0
11	3000.0
12	3000.0
13	3000.0
14	3000.0
15	3000.0
16	3000.0
17	3000.0
18	3000.0
19	3000.0
20	3010.0
21	3000.0
22	3000.0
23	3000.0
24	3000.0
25	3000.0
26	3000.0
27	3000.0
28	3000.0
29	3000.0
30	3010.0
31	3000.0
32	3000.0
33	3000.0
34	3000.0
35	3000.0
36	3000.0
37	3000.0
38	3000.0
39	3000.0
40	3010.0
41	3000.0
42	3000.0
43	3000.0
44	3000.0
45	3000.0
46	3000.0
47	3000.0
48	3000.0
49	3000.0
50	3010.0
51	2590.0
52	2120.0
53	2120.0
54	2130.0
55	2120.0
56	1990.0
57	1890.0
58	1850.0
59	1710.0
60	2020.0
61	2410.0
62	1830.0
63	1960.0
64	1720.0
65	2400.0
66	2029.9999999999998
67	1650.0
68	1720.0
69	1690.0
70	2060.0
71	1910.0
72	2009.9999999999998
73	1860.0
74	1650.0
75	1800.0
76	2050.0
77	2270.0
78	2050.0
79	2160.0
80	1810.0
81	1930.0
82	2050.0
83	1940.0
84	1690.0
85	2180.0
86	1960.0
87	2230.0
88	1750.0
89	2120.0
90	1860.0
91	1750.0
92	1860.0
93	1760.0
94	1860.0
95	2190.0
96	2180.0
97	1960.0
98	1680.0
99	2060.0
100	2140.0
101	2530.0
102	2340.0
103	2350.0
104	1800.0
105	1800.0
106	2290.0
107	1780.0
108	1780.0
109	1740.0
110	1650.0
111	1630.0
112	1880.0
113	1480.0
114	1490.0
115	1980.0
116	1830.0
117	1550.0
118	1460.0
119	1870.0
120	1830.0
121	1540.0
122	1420.0
123	1620.0
124	1780.0
125	2130.0
126	1630.0
127	1580.0
128	1740.0
129	1690.0
130	1690.0
131	1930.0
132	1560.0
133	1510.0
134	1400.0
135	1380.0
136	1470.0
137	1450.0
138	1430.0
139	1600.0
140	1480.0
141	1650.0
142	1750.0
143	1990.0
144	1530.0
145	1880.0
146	1430.0
147	1610.0
148	1800.0
149	1390.0
150	1390.0
151	1600.0
152	1600.0
153	1600.0
154	1680.0
155	1680.0
156	1600.0
157	1660.0
158	1720.0
159	1720.0
160	1930.0
161	1930.0
162	1650.0
163	1790.0
164	1610.0
165	1600.0
166	1620.0
167	1530.0
168	1750.0
169	1790.0
170	1670.0
171	1600.0
172	1590.0
173	1550.0
174	1910.0
175	1750.0
176	1680.0
177	1670.0
178	1780.0
179	1630.0
180	1820.0
181	1820.0
182	1350.0
183	1350.0
184	1410.0
185	1550.0
186	1340.0
187	1850
188	1850.0
189	1730.0
190	1710.0
191	1590.0
192	1580.0
193	1470.0
194	1470.0
195	1520.0
196	1650.0
197	1530.0
198	1760.0
199	1510.0
200	2000.0
201	1460.0
202	1590.0
203	1660.0
204	1740.0
205	1990.0
206	1750.0
207	1590.0
208	1760.0
209	1740.0
210	1830.0
211	2150.0
212	1460.0
213	1610.0
214	1620.0
215	1660.0
216	1850.0
217	1760.0
218	1600.0
219	1690.0
220	1620.0
221	1690.0
222	1530.0
223	1520.0
224	1670.0
225	1600.0
226	1620.0
227	1690.0
228	1810.0
229	1550.0
230	1600.0
231	1520.0
232	1730.0
233	1870.0
234	1600.0
235	1470.0
236	1670.0
237	1610.0
238	1430.0
239	1620.0
240	1750.0
241	1660.0
242	1410.0
243	1660.0
244	1560.0
245	1560.0
246	1540.0
247	1410.0
248	1410.0
249	1480.0
250	1920.0
251	1360.0
252	1400.0
253	1650.0
254	1530.0
255	1650.0
256	1950.0
257	1980.0
258	1610.0
259	1720.0
260	1680.0
261	1890.0
262	1720.0
263	1630.0
264	1810.0
265	1550.0
266	1610.0
267	1510.0
268	1510.0
269	1480.0
270	1580.0
271	1510.0
272	1470.0
273	1460.0
274	1580.0
275	1590.0
276	1540.0
277	1720.0
278	1400.0
279	1490.0
280	1430.0
281	1550.0
282	1360.0
283	1590.0
284	1390.0
285	1390.0
286	1600.0
287	1620.0
288	1610.0
289	1800.0
290	1810.0
291	1760.0
292	1790.0
293	1670.0
294	1660.0
295	1760.0
296	1580.0
297	1620.0
298	1730.0
299	1510.0
300	1600.0
301	1510.0
302	1610.0
303	1680.0
304	1530.0
305	1610.0
306	1430.0
307	1620.0
308	2050.0
309	1680.0
310	1740.0
311	1600.0
312	1210.0
313	1720.0
314	1680.0
315	1710.0
316	1670.0
317	1750.0
318	1850.0
319	1860.0
320	1380.0
321	1910.0
322	1670.0
323	1540.0
324	1720.0
325	1650.0
326	1600.0
327	1490.0
328	1470.0
329	1540.0
330	1780.0
331	1890.0
332	1650.0
333	1650.0
334	1510.0
335	1360.0
336	1630.0
337	1790.0
338	1790.0
339	1590
340	1590.0
341	1610.0
342	1720.0
343	1590.0
344	1850.0
345	1590.0
346	1590.0
347	2050.0
348	1800.0
349	1560.0
350	1670.0
351	1830.0
352	1450.0
353	1850.0
354	1720.0
355	1780.0
356	1910.0
357	1780.0
358	1710.0
359	2029.9999999999998
360	1760.0
361	1710.0
362	1670.0
363	1670.0
364	1680.0
365	1560.0
366	1670.0
367	1690.0
368	1600.0
369	1450.0
370	1780.0
371	1470.0
372	1630.0
373	1490.0
374	1510.0
375	1790.0
376	1420.0
377	1450.0
378	1530.0
379	1490.0
380	1730.0
381	1870.0
382	1740.0
383	1550.0
384	1730.0
385	1590.0
386	1740.0
387	1690.0
388	1680.0
389	1510.0
390	1560.0
391	1600.0
392	1800.0
393	1720.0
394	1360.0
395	1490.0
396	2020.0
397	1590.0
398	1490.0
399	1470.0
400	1760.0
401	1650.0
402	1730.0
403	1610.0
404	1750.0
405	2060.0
406	2160.0
407	1930.0
408	2260.0
409	1880.0
410	1610.0
411	1620.0
412	1670.0
413	1740.0
414	1800.0
415	2150.0
416	1870.0
417	2080.0
418	1710.0
419	1890.0
420	1590.0
421	1860.0
422	2050.0
423	1810.0
424	1780.0
425	1730.0
426	2130.0
427	1870.0
428	1680.0
429	1690.0
430	1720.0
431	1830.0
432	1760.0
433	1800.0
434	1760.0
435	1890.0
436	1710.0
437	1710.0
438	1910.0
439	1590.0
440	1590.0
441	2120.0
442	1990.0
443	1870.0
444	1980.0
445	2120.0
446	1780.0
447	1680.0
448	1670.0
449	1650.0
450	1720.0
451	1990.0
452	1960.0
453	3370.0
454	3470.0
455	3490.0
456	3480.0
457	3490.0
458	3180.0
459	3000.0
460	3000.0
461	3010.0
462	3000.0
463	3000.0
464	3000.0
465	3000.0
466	3000.0
467	3000.0
468	3000.0
469	3000.0
470	3000.0
471	3010.0
472	3000.0
473	3000.0
474	3000.0
475	3000.0
476	3000.0
477	3000.0
478	3000.0
479	3000.0
480	3000.0
481	3010.0
482	3000.0
483	3000.0
484	3000.0
485	3000.0
486	3000.0
487	3000.0
488	3000.0
489	3000.0
490	3000.0
491	3010.0
492	3000.0
493	3000.0
494	3000.0
495	3000.0
496	3000.0
497	3000.0
498	3000.0
499	3000.0
500	3010.0