1	3000.0
2	3000.0
3	3000.0
4	3000.0
5	3000.0
6	3000.0
7	3000.0
8	3000.0
9	3000.0
10	3010.0
11	3000.0
12	3000.0
13	3000.0
14	3000.0
15	3000.0
16	3000.0
17	3000.0
18	3000.0
19	3000.0
20	3010.0
21	3000.0
22	3000.0
23	3000.0
24	3000.0
25	3000.0
26	3000.0
27	3000.0
28	3000.0
29	3000.0
30	3010.0
31	3000.0
32	3000.0
33	3000.0
34	3000.0
35	3000.0
36	3000.0
37	3000.0
38	3000.0
39	3000.0
40	3010.0
41	3000.0
42	3000.0
43	3000.0
44	3000.0
45	3000.0
46	3000.0
47	3000.0
48	3000.0
49	3010.0
50	3000.0
51	2630.0
52	2340.0
53	2330.0
54	2340.0
55	2330.0
56	2330.0
57	2340.0
58	2070.0
59	2009.9999999999998
60	1950.0
61	1950.0
62	2000.0
63	1990.0
64	2029.9999999999998
65	2020.0
66	2000.0
67	2009.9999999999998
68	1990.0
69	2020.0
70	2009.9999999999998
71	2020.0
72	1990.0
73	1920.0
74	1940.0
75	1980.0
76	1950.0
77	1960.0
78	2110.0
79	1990.0
80	1950.0
81	1930.0
82	1950.0
83	1910.0
84	1980.0
85	2009.9999999999998
86	2000.0
87	2009.9999999999998
88	1910.0
89	1890.0
90	1980.0
91	1950.0
92	1910.0
93	1960.0
94	2000.0
95	2060.0
96	2009.9999999999998
97	2000.0
98	2009.9999999999998
99	2009.9999999999998
100	2020.0
101	2000.0
102	1950.0
103	1730.0
104	1730.0
105	1760.0
106	1820.0
107	1820.0
108	1750.0
109	1810.0
110	1810.0
111	1800.0
112	1740.0
113	1800.0
114	1730.0
115	1820.0
116	1720.0
117	1740.0
118	1780.0
119	1760.0
120	1760.0
121	1810.0
122	1750.0
123	1720.0
124	1810.0
125	1910.0
126	1860.0
127	1780.0
128	1750.0
129	1790.0
130	1740.0
131	1760.0
132	1760.0
133	1710.0
134	1780.0
135	1760.0
136	1810.0
137	1830.0
138	1890.0
139	1830.0
140	1780.0
141	1780.0
142	1780.0
143	1780.0
144	1780.0
145	1860.0
146	1890.0
147	1780.0
148	1730.0
149	1750.0
150	1800.0
151	1960.0
152	1820.0
153	1800.0
154	1830.0
155	1730.0
156	1730.0
157	1860.0
158	1860.0
159	1800.0
160	1850.0
161	1960.0
162	1830.0
163	1800.0
164	1790.0
165	1800.0
166	1760.0
167	1780.0
168	1810.0
169	1820.0
170	1730.0
171	1800.0
172	1730.0
173	1780.0
174	1780.0
175	1780.0
176	1850.0
177	1780.0
178	1710.0
179	1790.0
180	1890.0
181	1830.0
182	1740.0
183	1760.0
184	1760.0
185	1780.0
186	1820.0
187	1940.0
188	1800.0
189	1850.0
190	1790.0
191	1870.0
192	1790.0
193	1800.0
194	1750.0
195	1940.0
196	1810.0
197	1790.0
198	1710.0
199	1790.0
200	1780.0
201	1890.0
202	2009.9999999999998
203	1820.0
204	1820.0
205	1830.0
206	1810.0
207	1800.0
208	1800.0
209	1940.0
210	1830.0
211	1820.0
212	1810.0
213	1800.0
214	1760.0
215	1630.0
216	1880.0
217	1980.0
218	1800.0
219	1810.0
220	1800.0
221	1800.0
222	1810.0
223	1850.0
224	1800.0
225	1820.0
226	1810.0
227	1800.0
228	1870.0
229	1860.0
230	1800.0
231	1910.0
232	1850.0
233	1850.0
234	1860.0
235	1850.0
236	1800.0
237	1850.0
238	1780.0
239	1780.0
240	1780.0
241	1760.0
242	1800.0
243	1810.0
244	1760.0
245	1750.0
246	1800.0
247	1780.0
248	1760.0
249	1790.0
250	1780.0
251	1750.0
252	1760.0
253	1760.0
254	1790.0
255	1750.0
256	1630.0
257	1630.0
258	1860.0
259	1920.0
260	1730.0
261	1790.0
262	1810.0
263	1780.0
264	1820.0
265	1730.0
266	1820.0
267	1820.0
268	1760.0
269	1980.0
270	1800.0
271	1750.0
272	1780.0
273	1800.0
274	1740.0
275	1800.0
276	1870.0
277	1760.0
278	1790.0
279	1850.0
280	1730.0
281	1740.0
282	1760.0
283	1830.0
284	1790.0
285	1750.0
286	1790.0
287	1980.0
288	2050.0
289	1800.0
290	1820.0
291	1800.0
292	1790.0
293	1760.0
294	1740.0
295	1750.0
296	1740.0
297	1820.0
298	1810.0
299	1780.0
300	1800.0
301	1810.0
302	1890.0
303	1860.0
304	1860.0
305	1760.0
306	1750.0
307	1940.0
308	1960.0
309	1920.0
310	1800.0
311	1800.0
312	1790.0
313	1780.0
314	1810.0
315	1760.0
316	1810.0
317	1820.0
318	1790.0
319	1760.0
320	1760.0
321	1800.0
322	1760.0
323	1890.0
324	1830.0
325	1830.0
326	1850.0
327	1760.0
328	1740.0
329	1860.0
330	1820.0
331	1820.0
332	1780.0
333	1780.0
334	1820.0
335	1880.0
336	1870.0
337	1880.0
338	1830.0
339	1880.0
340	1800.0
341	1830.0
342	1800.0
343	1740.0
344	1800.0
345	1800.0
346	1740.0
347	1790.0
348	1830.0
349	1760.0
350	1740.0
351	1790.0
352	1790.0
353	1800.0
354	1760.0
355	1730.0
356	1730.0
357	1750.0
358	1750.0
359	1810.0
360	1780.0
361	1740.0
362	1760.0
363	1820.0
364	1820.0
365	1790.0
366	1710.0
367	1760.0
368	1740.0
369	1750.0
370	1830.0
371	1980.0
372	2000.0
373	2020.0
374	1780.0
375	1790.0
376	1780.0
377	1760.0
378	1740.0
379	1790.0
380	1740.0
381	1810.0
382	1830.0
383	1760.0
384	1760.0
385	1800.0
386	1870.0
387	1790.0
388	1730.0
389	1760.0
390	1790.0
391	1800.0
392	1790.0
393	1710.0
394	1800.0
395	1820.0
396	1780.0
397	1760.0
398	1740.0
399	1830.0
400	1860.0
401	1780.0
402	1920.0
403	1880.0
404	1860.0
405	1880.0
406	1760.0
407	1760.0
408	1740.0
409	1810.0
410	1790.0
411	1830.0
412	1760.0
413	1760.0
414	1760.0
415	1800.0
416	1750.0
417	1780.0
418	1790.0
419	1760.0
420	1790.0
421	1780.0
422	1750.0
423	1730.0
424	1800.0
425	1920.0
426	1720.0
427	1790.0
428	1760.0
429	1760.0
430	1760.0
431	1780.0
432	1750.0
433	1730.0
434	1800.0
435	1780.0
436	1830.0
437	1910.0
438	1870.0
439	1760.0
440	1790.0
441	1760.0
442	1810.0
443	1830.0
444	1800.0
445	1830.0
446	1890.0
447	1820.0
448	1780.0
449	1860.0
450	3730.0
451	3750.0
452	3760.0
453	3760.0
454	3760.0
455	3740.0
456	3000.0
457	3000.0
458	3010.0
459	3000.0
460	3000.0
461	3000.0
462	3000.0
463	3000.0
464	3000.0
465	3000.0
466	3000.0
467	3000.0
468	3010.0
469	3000.0
470	3000.0
471	3000.0
472	3000.0
473	3000.0
474	3000.0
475	3000.0
476	3000.0
477	3000.0
478	3010.0
479	3000.0
480	3000.0
481	3000.0
482	3000.0
483	3000.0
484	3000.0
485	3000.0
486	3000.0
487	3000.0
488	3010.0
489	3000.0
490	3000.0
491	3000.0
492	3000.0
493	3000.0
494	3000.0
495	3000.0
496	3000.0
497	3010.0
498	3000.0
499	3000.0
500	3010.0