1	2000.0
2	1580.0
3	1590.0
4	1580.0
5	1580.0
6	1580.0
7	1580.0
8	1580.0
9	1580.0
10	1580.0
11	1580.0
12	1580.0
13	1580.0
14	1580.0
15	1590.0
16	1580.0
17	1580.0
18	1580.0
19	1590.0
20	1580.0
21	1580.0
22	1580.0
23	1580.0
24	1580.0
25	1580.0
26	1580.0
27	1590.0
28	1580.0
29	1580.0
30	1580.0
31	1580.0
32	1580.0
33	1580.0
34	1580.0
35	1580.0
36	1580.0
37	1590.0
38	1580.0
39	1580.0
40	1590.0
41	1580.0
42	1580.0
43	1560.0
44	1590.0
45	1580.0
46	1580.0
47	1580.0
48	1580.0
49	1590.0
50	1580.0
51	1580.0
52	1580.0
53	1580.0
54	1580.0
55	1580.0
56	1590.0
57	1580.0
58	1580.0
59	1590.0
60	1580.0
61	1590.0
62	1580.0
63	1580.0
64	1580.0
65	1580.0
66	1580.0
67	1580.0
68	1590.0
69	1580.0
70	1580.0
71	1580.0
72	1580.0
73	1580.0
74	1580.0
75	1590.0
76	1580.0
77	1580.0
78	1580.0
79	1580.0
80	1590.0
81	1580.0
82	1580.0
83	1580.0
84	1590.0
85	1580.0
86	1590.0
87	1580.0
88	1580.0
89	1580.0
90	1590.0
91	1560.0
92	1580.0
93	1590.0
94	1580.0
95	1580.0
96	1580.0
97	1580.0
98	1580.0
99	1590.0
100	1580.0
101	1560.0
102	1590.0
103	1580.0
104	1580.0
105	1590.0
106	1580.0
107	1580.0
108	1580.0
109	1590.0
110	1580.0
111	1580.0
112	1580.0
113	1580.0
114	1580.0
115	1580.0
116	1580.0
117	1590.0
118	1580.0
119	1580.0
120	1580.0
121	1580.0
122	1580.0
123	1590.0
124	1580.0
125	1580.0
126	1580.0
127	1580.0
128	1580.0
129	1590.0
130	1580.0
131	1580.0
132	1580.0
133	1580.0
134	1580.0
135	1580.0
136	1580.0
137	1580.0
138	1580.0
139	1580.0
140	1580.0
141	1590.0
142	1580.0
143	1580.0
144	1620.0
145	1530.0
146	1580.0
147	1580.0
148	1580.0
149	1590.0
150	1580.0
151	1580.0
152	1580.0
153	1580.0
154	1580.0
155	1590.0
156	1580.0
157	1580.0
158	1590.0
159	1580.0
160	1590.0
161	1580.0
162	1590.0
163	1580.0
164	1580.0
165	1560.0
166	1590.0
167	1580.0
168	1580.0
169	1590.0
170	1580.0
171	1580.0
172	1580.0
173	1580.0
174	1580.0
175	1580.0
176	1580.0
177	1580.0
178	1590.0
179	1580.0
180	1580.0
181	1580.0
182	1580.0
183	1590.0
184	1580.0
185	1590.0
186	1580.0
187	1580.0
188	1560.0
189	1590.0
190	1580.0
191	1580.0
192	1580.0
193	1580.0
194	1590.0
195	1580.0
196	1580.0
197	1580.0
198	1580.0
199	1580.0
200	1580.0
201	1590.0
202	1580.0
203	1580.0
204	1580.0
205	1580.0
206	1580.0
207	1590.0
208	1580.0
209	1580.0
210	1580.0
211	1580.0
212	1580.0
213	1580.0
214	1590.0
215	1580.0
216	1580.0
217	1580.0
218	1580.0
219	1590.0
220	1580.0
221	1590.0
222	1580.0
223	1580.0
224	1580.0
225	1580.0
226	1590.0
227	1580.0
228	1590.0
229	1580.0
230	1580.0
231	1580.0
232	1580.0
233	1590.0
234	1580.0
235	1590.0
236	1580.0
237	1580.0
238	1580.0
239	1580.0
240	1590.0
241	1580.0
242	1580.0
243	1590.0
244	1580.0
245	1580.0
246	1580.0
247	1580.0
248	1580.0
249	1590.0
250	1580.0
251	1560.0
252	1590.0
253	1580.0
254	1580.0
255	1580.0
256	1580.0
257	1590.0
258	1580.0
259	1580.0
260	1580.0
261	1590.0
262	1580.0
263	1580.0
264	1580.0
265	1580.0
266	1590.0
267	1580.0
268	1580.0
269	1580.0
270	1580.0
271	1580.0
272	1580.0
273	1590.0
274	1580.0
275	1580.0
276	1580.0
277	1590.0
278	1580.0
279	1580.0
280	1580.0
281	1580.0
282	1580.0
283	1580.0
284	1590.0
285	1580.0
286	1550.0
287	1540.0
288	1540.0
289	1560.0
290	1540.0
291	1520.0
292	1540.0
293	1530.0
294	1580.0
295	1590.0
296	1580.0
297	1590.0
298	1580.0
299	1580.0
300	1580.0
301	1580.0
302	1580.0
303	1580.0
304	1580.0
305	1580.0
306	1590.0
307	1580.0
308	1580.0
309	1580.0
310	1580.0
311	1590.0
312	1560.0
313	1590.0
314	1580.0
315	1580.0
316	1580.0
317	1590.0
318	1580.0
319	1580.0
320	1580.0
321	1580.0
322	1590.0
323	1580.0
324	1580.0
325	1580.0
326	1580.0
327	1580.0
328	1580.0
329	1590.0
330	1580.0
331	1660.0
332	1580.0
333	1560.0
334	1590.0
335	1580.0
336	1580.0
337	1580.0
338	1590.0
339	1580.0
340	1580.0
341	1580.0
342	1580.0
343	1580.0
344	1580.0
345	1590.0
346	1580.0
347	1580.0
348	1580.0
349	1590.0
350	1580.0
351	1560.0
352	1590.0
353	1580.0
354	1580.0
355	1580.0
356	1590.0
357	1580.0
358	1580.0
359	1580.0
360	1580.0
361	1580.0
362	1580.0
363	1580.0
364	1590.0
365	1580.0
366	1580.0
367	1580.0
368	1580.0
369	1580.0
370	1590.0
371	1580.0
372	1580.0
373	1580.0
374	1590.0
375	1580.0
376	1580.0
377	1580.0
378	1580.0
379	1580.0
380	1580.0
381	1590.0
382	1580.0
383	1580.0
384	1580.0
385	1580.0
386	1580.0
387	1580.0
388	1590.0
389	1580.0
390	1500.0
391	1580.0
392	1580.0
393	1590.0
394	1560.0
395	1590.0
396	1580.0
397	1580.0
398	1590.0
399	1580.0
400	1580.0
401	1580.0
402	1580.0
403	1580.0
404	1580.0
405	1590.0
406	1580.0
407	1530.0
408	1580.0
409	1580.0
410	1590.0
411	1580.0
412	1580.0
413	1580.0
414	1580.0
415	1580.0
416	1590.0
417	1590.0
418	1560.0
419	1580.0
420	1580.0
421	1590.0
422	1580.0
423	1580.0
424	1580.0
425	1580.0
426	1590.0
427	1580.0
428	1580.0
429	1580.0
430	1580.0
431	1580.0
432	1580.0
433	1580.0
434	1590.0
435	1580.0
436	1580.0
437	1580.0
438	1580.0
439	1580.0
440	1580.0
441	1580.0
442	1590.0
443	1580.0
444	1580.0
445	1580.0
446	1580.0
447	1580.0
448	1580.0
449	1590.0
450	1580.0
451	1530.0
452	1580.0
453	1580.0
454	1580.0
455	1580.0
456	1580.0
457	1580.0
458	1590.0
459	1580.0
460	1580.0
461	1580.0
462	1580.0
463	1580.0
464	1590.0
465	1580.0
466	1580.0
467	1580.0
468	1580.0
469	1590.0
470	1580.0
471	1580.0
472	1580.0
473	1590.0
474	1560.0
475	1580.0
476	1590.0
477	1580.0
478	1580.0
479	1580.0
480	1590.0
481	1560.0
482	1590.0
483	1580.0
484	1580.0
485	1580.0
486	1580.0
487	1590.0
488	1580.0
489	1580.0
490	1580.0
491	1580.0
492	1580.0
493	1580.0
494	1590.0
495	1580.0
496	1520.0
497	1580.0
498	1580.0
499	1580.0
500	1580.0