1	1140.0
2	800.0
3	729.0
4	694.0
5	635.0
6	659.0
7	647.0
8	612.0
9	588.0
10	588.0
11	659.0
12	682.0
13	717.0
14	659.0
15	588.0
16	635.0
17	647.0
18	659.0
19	635.0
20	635.0
21	623.0
22	682.0
23	706.0
24	588.0
25	600.0
26	694.0
27	753.0
28	635.0
29	623.0
30	670.0
31	706.0
32	741.0
33	694.0
34	682.0
35	659.0
36	670.0
37	682.0
38	670.0
39	694.0
40	741.0
41	717.0
42	670.0
43	741.0
44	647.0
45	753.0
46	682.0
47	706.0
48	682.0
49	694.0
50	835.0
51	835.0
52	835.0
53	823.0
54	776.0
55	670.0
56	659.0
57	576.0
58	635.0
59	600.0
60	647.0
61	659.0
62	717.0
63	659.0
64	647.0
65	635.0
66	659.0
67	729.0
68	717.0
69	694.0
70	647.0
71	647.0
72	647.0
73	670.0
74	670.0
75	623.0
76	706.0
77	706.0
78	741.0
79	706.0
80	612.0
81	694.0
82	670.0
83	670.0
84	741.0
85	659.0
86	647.0
87	647.0
88	694.0
89	623.0
90	647.0
91	647.0
92	635.0
93	612.0
94	729.0
95	659.0
96	623.0
97	694.0
98	670.0
99	670.0
100	670.0
101	706.0
102	635.0
103	670.0
104	670.0
105	453.0
106	694.0
107	717.0
108	647.0
109	659.0
110	647.0
111	635.0
112	717.0
113	647.0
114	682.0
115	670.0
116	717.0
117	682.0
118	635.0
119	647.0
120	682.0
121	659.0
122	647.0
123	623.0
124	647.0
125	682.0
126	706.0
127	623.0
128	635.0
129	694.0
130	659.0
131	635.0
132	670.0
133	647.0
134	682.0
135	647.0
136	659.0
137	706.0
138	670.0
139	694.0
140	612.0
141	682.0
142	670.0
143	659.0
144	659.0
145	741.0
146	647.0
147	659.0
148	647.0
149	647.0
150	682.0
151	670.0
152	647.0
153	647.0
154	635.0
155	717.0
156	717.0
157	800.0
158	741.0
159	670.0
160	694.0
161	682.0
162	741.0
163	682.0
164	647.0
165	635.0
166	647.0
167	682.0
168	647.0
169	635.0
170	659.0
171	682.0
172	729.0
173	659.0
174	694.0
175	647.0
176	717.0
177	682.0
178	635.0
179	647.0
180	659.0
181	659.0
182	647.0
183	670.0
184	694.0
185	729.0
186	694.0
187	647.0
188	635.0
189	694.0
190	682.0
191	647.0
192	753.0
193	659.0
194	670.0
195	670.0
196	623.0
197	647.0
198	670.0
199	706.0
200	659.0
201	635.0
202	706.0
203	694.0
204	776.0
205	717.0
206	717.0
207	635.0
208	635.0
209	659.0
210	670.0
211	659.0
212	682.0
213	588.0
214	706.0
215	670.0
216	694.0
217	764.0
218	694.0
219	694.0
220	764.0
221	706.0
222	717.0
223	764.0
224	623.0
225	694.0
226	694.0
227	694.0
228	659.0
229	647.0
230	659.0
231	776.0
232	706.0
233	717.0
234	647.0
235	659.0
236	647.0
237	647.0
238	670.0
239	659.0
240	682.0
241	623.0
242	706.0
243	682.0
244	623.0
245	635.0
246	670.0
247	682.0
248	776.0
249	764.0
250	670.0
251	682.0
252	647.0
253	729.0
254	647.0
255	647.0
256	729.0
257	600.0
258	623.0
259	635.0
260	576.0
261	612.0
262	694.0
263	670.0
264	612.0
265	635.0
266	623.0
267	600.0
268	694.0
269	682.0
270	682.0
271	670.0
272	670.0
273	729.0
274	682.0
275	659.0
276	600.0
277	647.0
278	623.0
279	682.0
280	706.0
281	647.0
282	659.0
283	717.0
284	694.0
285	729.0
286	682.0
287	717.0
288	659.0
289	612.0
290	694.0
291	706.0
292	776.0
293	612.0
294	670.0
295	682.0
296	694.0
297	706.0
298	706.0
299	694.0
300	741.0
301	694.0
302	694.0
303	706.0
304	623.0
305	623.0
306	647.0
307	635.0
308	623.0
309	623.0
310	647.0
311	623.0
312	623.0
313	588.0
314	647.0
315	647.0
316	729.0
317	682.0
318	741.0
319	647.0
320	612.0
321	623.0
322	659.0
323	764.0
324	670.0
325	820.0
326	835.0
327	741.0
328	717.0
329	706.0
330	647.0
331	647.0
332	694.0
333	776.0
334	635.0
335	635.0
336	753.0
337	635.0
338	635.0
339	635.0
340	706.0
341	741.0
342	717.0
343	741.0
344	635.0
345	659.0
346	717.0
347	682.0
348	741.0
349	682.0
350	600.0
351	729.0
352	682.0
353	729.0
354	753.0
355	694.0
356	670.0
357	670.0
358	647.0
359	717.0
360	682.0
361	647.0
362	635.0
363	612.0
364	741.0
365	788.0
366	694.0
367	682.0
368	764.0
369	659.0
370	682.0
371	670.0
372	647.0
373	647.0
374	694.0
375	635.0
376	670.0
377	694.0
378	659.0
379	659.0
380	717.0
381	694.0
382	647.0
383	670.0
384	682.0
385	741.0
386	612.0
387	647.0
388	647.0
389	659.0
390	659.0
391	647.0
392	717.0
393	717.0
394	729.0
395	647.0
396	670.0
397	600.0
398	694.0
399	670.0
400	682.0
401	729.0
402	694.0
403	717.0
404	647.0
405	694.0
406	682.0
407	788.0
408	729.0
409	659.0
410	682.0
411	659.0
412	717.0
413	647.0
414	635.0
415	647.0
416	647.0
417	659.0
418	659.0
419	706.0
420	717.0
421	670.0
422	694.0
423	647.0
424	659.0
425	717.0
426	670.0
427	729.0
428	694.0
429	682.0
430	717.0
431	670.0
432	706.0
433	623.0
434	670.0
435	776.0
436	647.0
437	788.0
438	659.0
439	706.0
440	741.0
441	670.0
442	647.0
443	670.0
444	953.0
445	980.0
446	706.0
447	635.0
448	670.0
449	623.0
450	694.0
451	682.0
452	717.0
453	694.0
454	647.0
455	670.0
456	659.0
457	670.0
458	670.0
459	635.0
460	600.0
461	647.0
462	694.0
463	694.0
464	764.0
465	682.0
466	764.0
467	717.0
468	729.0
469	635.0
470	717.0
471	682.0
472	682.0
473	741.0
474	682.0
475	600.0
476	682.0
477	612.0
478	635.0
479	670.0
480	729.0
481	694.0
482	682.0
483	682.0
484	682.0
485	659.0
486	706.0
487	600.0
488	682.0
489	682.0
490	717.0
491	776.0
492	717.0
493	623.0
494	682.0
495	764.0
496	788.0
497	694.0
498	729.0
499	729.0
500	729.0